<?xml version="1.0"?>
<opencv_storage>
<nr_of_frames>100</nr_of_frames>
<Camera_Matrix type_id="opencv-matrix">
  <rows>3</rows>
  <cols>3</cols>
  <dt>f</dt>
  <data>
    2.79800079e+02 0. 3.10000214e+02 0. 2.79800079e+02 2.25039978e+02 0.
    0. 1.</data></Camera_Matrix>
<Pose_Matrix_0 type_id="opencv-matrix">
  <rows>3</rows>
  <cols>4</cols>
  <dt>f</dt>
  <data>
    9.58869934e-01 -7.76545405e-02 2.73017168e-01 -4.35141176e-01
    -6.99084029e-02 8.67612123e-01 4.92302716e-01 5.91757894e-03
    -2.75102556e-01 -4.91140425e-01 8.26498508e-01 7.81374633e-01</data></Pose_Matrix_0>
<Pose_Matrix_1 type_id="opencv-matrix">
  <rows>3</rows>
  <cols>4</cols>
  <dt>f</dt>
  <data>
    9.43207145e-01 -9.81770456e-02 3.17366779e-01 -3.31387877e-01
    -1.86227020e-02 9.38204944e-01 3.45578849e-01 5.76572239e-01
    -3.31683010e-01 -3.31862658e-01 8.83093178e-01 8.19101751e-01</data></Pose_Matrix_1>
<Pose_Matrix_2 type_id="opencv-matrix">
  <rows>3</rows>
  <cols>4</cols>
  <dt>f</dt>
  <data>
    9.44108009e-01 -9.76863503e-02 3.14829320e-01 -3.31651509e-01
    -1.62031669e-02 9.40173566e-01 3.40310335e-01 5.78198731e-01
    -3.29237908e-01 -3.26390952e-01 8.86042655e-01 8.17953408e-01</data></Pose_Matrix_2>
<Pose_Matrix_3 type_id="opencv-matrix">
  <rows>3</rows>
  <cols>4</cols>
  <dt>f</dt>
  <data>
    9.44631338e-01 -9.69502628e-02 3.13484401e-01 -3.31834137e-01
    -1.41994208e-02 9.42382813e-01 3.34235042e-01 5.79700828e-01
    -3.27826411e-01 -3.20180178e-01 8.88827622e-01 8.16770911e-01</data></Pose_Matrix_3>
<Pose_Matrix_4 type_id="opencv-matrix">
  <rows>3</rows>
  <cols>4</cols>
  <dt>f</dt>
  <data>
    9.44904149e-01 -9.67180729e-02 3.12732816e-01 -3.32393467e-01
    -1.29523501e-02 9.43560362e-01 3.30947280e-01 5.80811203e-01
    -3.27090859e-01 -3.16764086e-01 8.90321374e-01 8.15872908e-01</data></Pose_Matrix_4>
<Pose_Matrix_5 type_id="opencv-matrix">
  <rows>3</rows>
  <cols>4</cols>
  <dt>f</dt>
  <data>
    9.45016980e-01 -9.60487798e-02 3.12598050e-01 -3.32875997e-01
    -1.36108007e-02 9.43514764e-01 3.31050932e-01 5.81677794e-01
    -3.26737940e-01 -3.17103475e-01 8.90330136e-01 8.15378308e-01</data></Pose_Matrix_5>
<Pose_Matrix_6 type_id="opencv-matrix">
  <rows>3</rows>
  <cols>4</cols>
  <dt>f</dt>
  <data>
    9.45022404e-01 -9.62449461e-02 3.12521458e-01 -3.33522350e-01
    -1.35944514e-02 9.43317115e-01 3.31614256e-01 5.82157612e-01
    -3.26723069e-01 -3.17631453e-01 8.90147388e-01 8.14920425e-01</data></Pose_Matrix_6>
<Pose_Matrix_7 type_id="opencv-matrix">
  <rows>3</rows>
  <cols>4</cols>
  <dt>f</dt>
  <data>
    9.44835544e-01 -9.65061635e-02 3.13005477e-01 -3.34353715e-01
    -1.34441694e-02 9.43378448e-01 3.31445873e-01 5.82474530e-01
    -3.27269167e-01 -3.17369938e-01 8.90040040e-01 8.14716697e-01</data></Pose_Matrix_7>
<Pose_Matrix_8 type_id="opencv-matrix">
  <rows>3</rows>
  <cols>4</cols>
  <dt>f</dt>
  <data>
    9.44378853e-01 -9.60616618e-02 3.14516783e-01 -3.35248739e-01
    -1.46529200e-02 9.43144977e-01 3.32058549e-01 5.82794368e-01
    -3.28532994e-01 -3.18197608e-01 8.89278531e-01 8.14854383e-01</data></Pose_Matrix_8>
<Pose_Matrix_9 type_id="opencv-matrix">
  <rows>3</rows>
  <cols>4</cols>
  <dt>f</dt>
  <data>
    9.43729043e-01 -9.48600918e-02 3.16823512e-01 -3.36246580e-01
    -1.73008572e-02 9.42509532e-01 3.33731145e-01 5.83123386e-01
    -3.30266982e-01 -3.20433050e-01 8.87832463e-01 8.15044463e-01</data></Pose_Matrix_9>
<Pose_Matrix_10 type_id="opencv-matrix">
  <rows>3</rows>
  <cols>4</cols>
  <dt>f</dt>
  <data>
    9.42984045e-01 -9.34303552e-02 3.19455624e-01 -3.37216020e-01
    -2.08116882e-02 9.41363692e-01 3.36751133e-01 5.83415031e-01
    -3.32186759e-01 -3.24199349e-01 8.85746479e-01 8.15441251e-01</data></Pose_Matrix_10>
<Pose_Matrix_11 type_id="opencv-matrix">
  <rows>3</rows>
  <cols>4</cols>
  <dt>f</dt>
  <data>
    9.42298293e-01 -9.22545046e-02 3.21812034e-01 -3.37991655e-01
    -2.37539541e-02 9.40432489e-01 3.39149624e-01 5.83586633e-01
    -3.33930582e-01 -3.27224433e-01 8.83976579e-01 8.15717101e-01</data></Pose_Matrix_11>
<Pose_Matrix_12 type_id="opencv-matrix">
  <rows>3</rows>
  <cols>4</cols>
  <dt>f</dt>
  <data>
    9.41773295e-01 -9.27620530e-02 3.23200375e-01 -3.38877797e-01
    -2.48941109e-02 9.39321220e-01 3.42134386e-01 5.83693802e-01
    -3.35326016e-01 -3.30258787e-01 8.82318377e-01 8.15977693e-01</data></Pose_Matrix_12>
<Pose_Matrix_13 type_id="opencv-matrix">
  <rows>3</rows>
  <cols>4</cols>
  <dt>f</dt>
  <data>
    9.41485524e-01 -9.50254798e-02 3.23380858e-01 -3.39564741e-01
    -2.43100934e-02 9.37791765e-01 3.46346140e-01 5.83764851e-01
    -3.36175591e-01 -3.33941281e-01 8.80607367e-01 8.16090465e-01</data></Pose_Matrix_13>
<Pose_Matrix_14 type_id="opencv-matrix">
  <rows>3</rows>
  <cols>4</cols>
  <dt>f</dt>
  <data>
    9.41371322e-01 -9.76558328e-02 3.22929680e-01 -3.40265274e-01
    -2.24294569e-02 9.36956644e-01 3.48725230e-01 5.83834529e-01
    -3.36626142e-01 -3.35523039e-01 8.79833579e-01 8.15802395e-01</data></Pose_Matrix_14>
<Pose_Matrix_15 type_id="opencv-matrix">
  <rows>3</rows>
  <cols>4</cols>
  <dt>f</dt>
  <data>
    9.41467285e-01 -1.02436967e-01 3.21163595e-01 -3.40790749e-01
    -1.67388022e-02 9.37331796e-01 3.48035902e-01 5.84150493e-01
    -3.36688578e-01 -3.33040327e-01 8.80752623e-01 8.15218806e-01</data></Pose_Matrix_15>
<Pose_Matrix_16 type_id="opencv-matrix">
  <rows>3</rows>
  <cols>4</cols>
  <dt>f</dt>
  <data>
    9.41506505e-01 -1.06882624e-01 3.19596052e-01 -3.41604829e-01
    -1.11778136e-02 9.37944233e-01 3.46606076e-01 5.84220707e-01
    -3.36809367e-01 -3.29904258e-01 8.81885827e-01 8.14516127e-01</data></Pose_Matrix_16>
<Pose_Matrix_17 type_id="opencv-matrix">
  <rows>3</rows>
  <cols>4</cols>
  <dt>f</dt>
  <data>
    9.41444993e-01 -1.13695078e-01 3.17419052e-01 -3.42621177e-01
    -3.65701946e-03 9.37931836e-01 3.46800596e-01 5.84269226e-01
    -3.37146878e-01 -3.27654451e-01 8.82595360e-01 8.13886642e-01</data></Pose_Matrix_17>
<Pose_Matrix_18 type_id="opencv-matrix">
  <rows>3</rows>
  <cols>4</cols>
  <dt>f</dt>
  <data>
    9.40925002e-01 -1.22393712e-01 3.15721244e-01 -3.44223171e-01
    5.03021991e-03 9.37339365e-01 3.48381341e-01 5.84318221e-01
    -3.38577658e-01 -3.26212585e-01 8.82581830e-01 8.13412666e-01</data></Pose_Matrix_18>
<Pose_Matrix_19 type_id="opencv-matrix">
  <rows>3</rows>
  <cols>4</cols>
  <dt>f</dt>
  <data>
    9.39606428e-01 -1.30856469e-01 3.16253722e-01 -3.46546471e-01
    1.28616868e-02 9.36871529e-01 3.49437088e-01 5.84515929e-01
    -3.42015117e-01 -3.24265808e-01 8.81973624e-01 8.12894821e-01</data></Pose_Matrix_19>
<Pose_Matrix_20 type_id="opencv-matrix">
  <rows>3</rows>
  <cols>4</cols>
  <dt>f</dt>
  <data>
    9.37436342e-01 -1.36761591e-01 3.20170909e-01 -3.49698395e-01
    1.65271573e-02 9.36060846e-01 3.51449847e-01 5.84996045e-01
    -3.47764283e-01 -3.24170291e-01 8.79757643e-01 8.12629461e-01</data></Pose_Matrix_20>
<Pose_Matrix_21 type_id="opencv-matrix">
  <rows>3</rows>
  <cols>4</cols>
  <dt>f</dt>
  <data>
    9.34812188e-01 -1.40345678e-01 3.26235086e-01 -3.53608668e-01
    1.63307842e-02 9.34618831e-01 3.55275989e-01 5.85561633e-01
    -3.54766846e-01 -3.26788664e-01 8.75984967e-01 8.12561035e-01</data></Pose_Matrix_21>
<Pose_Matrix_22 type_id="opencv-matrix">
  <rows>3</rows>
  <cols>4</cols>
  <dt>f</dt>
  <data>
    9.33500528e-01 -1.42870024e-01 3.28884393e-01 -3.55805099e-01
    1.69309620e-02 9.33734655e-01 3.57565254e-01 5.85879326e-01
    -3.58176142e-01 -3.28219056e-01 8.74060750e-01 8.12422872e-01</data></Pose_Matrix_22>
<Pose_Matrix_23 type_id="opencv-matrix">
  <rows>3</rows>
  <cols>4</cols>
  <dt>f</dt>
  <data>
    9.31160212e-01 -1.48168668e-01 3.33146840e-01 -3.60543817e-01
    1.87518187e-02 9.31958139e-01 3.62080753e-01 5.86542130e-01
    -3.64127874e-01 -3.30908060e-01 8.70580733e-01 8.12402010e-01</data></Pose_Matrix_23>
