<?xml version="1.0"?>
<opencv_storage>
<nr_of_frames>100</nr_of_frames>
<Camera_Matrix type_id="opencv-matrix">
  <rows>3</rows>
  <cols>3</cols>
  <dt>f</dt>
  <data>
    2.79800079e+02 0. 3.10000214e+02 0. 2.79800079e+02 2.25039978e+02 0.
    0. 1.</data></Camera_Matrix>
<Pose_Matrix_0 type_id="opencv-matrix">
  <rows>3</rows>
  <cols>4</cols>
  <dt>f</dt>
  <data>
    9.58869934e-01 -7.76545405e-02 2.73017168e-01 -4.35141176e-01
    -6.99084029e-02 8.67612123e-01 4.92302716e-01 5.91757894e-03
    -2.75102556e-01 -4.91140425e-01 8.26498508e-01 7.81374633e-01</data></Pose_Matrix_0>
<Pose_Matrix_1 type_id="opencv-matrix">
  <rows>3</rows>
  <cols>4</cols>
  <dt>f</dt>
  <data>
    9.43207145e-01 -9.81770456e-02 3.17366779e-01 -3.31387877e-01
    -1.86227020e-02 9.38204944e-01 3.45578849e-01 5.76572239e-01
    -3.31683010e-01 -3.31862658e-01 8.83093178e-01 8.19101751e-01</data></Pose_Matrix_1>
<Pose_Matrix_2 type_id="opencv-matrix">
  <rows>3</rows>
  <cols>4</cols>
  <dt>f</dt>
  <data>
    9.44108009e-01 -9.76863503e-02 3.14829320e-01 -3.31651509e-01
    -1.62031669e-02 9.40173566e-01 3.40310335e-01 5.78198731e-01
    -3.29237908e-01 -3.26390952e-01 8.86042655e-01 8.17953408e-01</data></Pose_Matrix_2>
<Pose_Matrix_3 type_id="opencv-matrix">
  <rows>3</rows>
  <cols>4</cols>
  <dt>f</dt>
  <data>
    9.44631338e-01 -9.69502628e-02 3.13484401e-01 -3.31834137e-01
    -1.41994208e-02 9.42382813e-01 3.34235042e-01 5.79700828e-01
    -3.27826411e-01 -3.20180178e-01 8.88827622e-01 8.16770911e-01</data></Pose_Matrix_3>
<Pose_Matrix_4 type_id="opencv-matrix">
  <rows>3</rows>
  <cols>4</cols>
  <dt>f</dt>
  <data>
    9.44904149e-01 -9.67180729e-02 3.12732816e-01 -3.32393467e-01
    -1.29523501e-02 9.43560362e-01 3.30947280e-01 5.80811203e-01
    -3.27090859e-01 -3.16764086e-01 8.90321374e-01 8.15872908e-01</data></Pose_Matrix_4>
<Pose_Matrix_5 type_id="opencv-matrix">
  <rows>3</rows>
  <cols>4</cols>
  <dt>f</dt>
  <data>
    9.45016980e-01 -9.60487798e-02 3.12598050e-01 -3.32875997e-01
    -1.36108007e-02 9.43514764e-01 3.31050932e-01 5.81677794e-01
    -3.26737940e-01 -3.17103475e-01 8.90330136e-01 8.15378308e-01</data></Pose_Matrix_5>
<Pose_Matrix_6 type_id="opencv-matrix">
  <rows>3</rows>
  <cols>4</cols>
  <dt>f</dt>
  <data>
    9.45022404e-01 -9.62449461e-02 3.12521458e-01 -3.33522350e-01
    -1.35944514e-02 9.43317115e-01 3.31614256e-01 5.82157612e-01
    -3.26723069e-01 -3.17631453e-01 8.90147388e-01 8.14920425e-01</data></Pose_Matrix_6>
<Pose_Matrix_7 type_id="opencv-matrix">
  <rows>3</rows>
  <cols>4</cols>
  <dt>f</dt>
  <data>
    9.44835544e-01 -9.65061635e-02 3.13005477e-01 -3.34353715e-01
    -1.34441694e-02 9.43378448e-01 3.31445873e-01 5.82474530e-01
    -3.27269167e-01 -3.17369938e-01 8.90040040e-01 8.14716697e-01</data></Pose_Matrix_7>
<Pose_Matrix_8 type_id="opencv-matrix">
  <rows>3</rows>
  <cols>4</cols>
  <dt>f</dt>
  <data>
    9.44378853e-01 -9.60616618e-02 3.14516783e-01 -3.35248739e-01
    -1.46529200e-02 9.43144977e-01 3.32058549e-01 5.82794368e-01
    -3.28532994e-01 -3.18197608e-01 8.89278531e-01 8.14854383e-01</data></Pose_Matrix_8>
<Pose_Matrix_9 type_id="opencv-matrix">
  <rows>3</rows>
  <cols>4</cols>
  <dt>f</dt>
  <data>
    9.43729043e-01 -9.48600918e-02 3.16823512e-01 -3.36246580e-01
    -1.73008572e-02 9.42509532e-01 3.33731145e-01 5.83123386e-01
    -3.30266982e-01 -3.20433050e-01 8.87832463e-01 8.15044463e-01</data></Pose_Matrix_9>
<Pose_Matrix_10 type_id="opencv-matrix">
  <rows>3</rows>
  <cols>4</cols>
  <dt>f</dt>
  <data>
    9.42984045e-01 -9.34303552e-02 3.19455624e-01 -3.37216020e-01
    -2.08116882e-02 9.41363692e-01 3.36751133e-01 5.83415031e-01
    -3.32186759e-01 -3.24199349e-01 8.85746479e-01 8.15441251e-01</data></Pose_Matrix_10>
<Pose_Matrix_11 type_id="opencv-matrix">
  <rows>3</rows>
  <cols>4</cols>
  <dt>f</dt>
  <data>
    9.42298293e-01 -9.22545046e-02 3.21812034e-01 -3.37991655e-01
    -2.37539541e-02 9.40432489e-01 3.39149624e-01 5.83586633e-01
    -3.33930582e-01 -3.27224433e-01 8.83976579e-01 8.15717101e-01</data></Pose_Matrix_11>
<Pose_Matrix_12 type_id="opencv-matrix">
  <rows>3</rows>
  <cols>4</cols>
  <dt>f</dt>
  <data>
    9.41773295e-01 -9.27620530e-02 3.23200375e-01 -3.38877797e-01
    -2.48941109e-02 9.39321220e-01 3.42134386e-01 5.83693802e-01
    -3.35326016e-01 -3.30258787e-01 8.82318377e-01 8.15977693e-01</data></Pose_Matrix_12>
<Pose_Matrix_13 type_id="opencv-matrix">
  <rows>3</rows>
  <cols>4</cols>
  <dt>f</dt>
  <data>
    9.41485524e-01 -9.50254798e-02 3.23380858e-01 -3.39564741e-01
    -2.43100934e-02 9.37791765e-01 3.46346140e-01 5.83764851e-01
    -3.36175591e-01 -3.33941281e-01 8.80607367e-01 8.16090465e-01</data></Pose_Matrix_13>
<Pose_Matrix_14 type_id="opencv-matrix">
  <rows>3</rows>
  <cols>4</cols>
  <dt>f</dt>
  <data>
    9.41371322e-01 -9.76558328e-02 3.22929680e-01 -3.40265274e-01
    -2.24294569e-02 9.36956644e-01 3.48725230e-01 5.83834529e-01
    -3.36626142e-01 -3.35523039e-01 8.79833579e-01 8.15802395e-01</data></Pose_Matrix_14>
<Pose_Matrix_15 type_id="opencv-matrix">
  <rows>3</rows>
  <cols>4</cols>
  <dt>f</dt>
  <data>
    9.41467285e-01 -1.02436967e-01 3.21163595e-01 -3.40790749e-01
    -1.67388022e-02 9.37331796e-01 3.48035902e-01 5.84150493e-01
    -3.36688578e-01 -3.33040327e-01 8.80752623e-01 8.15218806e-01</data></Pose_Matrix_15>
<Pose_Matrix_16 type_id="opencv-matrix">
  <rows>3</rows>
  <cols>4</cols>
  <dt>f</dt>
  <data>
    9.41506505e-01 -1.06882624e-01 3.19596052e-01 -3.41604829e-01
    -1.11778136e-02 9.37944233e-01 3.46606076e-01 5.84220707e-01
    -3.36809367e-01 -3.29904258e-01 8.81885827e-01 8.14516127e-01</data></Pose_Matrix_16>
<Pose_Matrix_17 type_id="opencv-matrix">
  <rows>3</rows>
  <cols>4</cols>
  <dt>f</dt>
  <data>
    9.41444993e-01 -1.13695078e-01 3.17419052e-01 -3.42621177e-01
    -3.65701946e-03 9.37931836e-01 3.46800596e-01 5.84269226e-01
    -3.37146878e-01 -3.27654451e-01 8.82595360e-01 8.13886642e-01</data></Pose_Matrix_17>
<Pose_Matrix_18 type_id="opencv-matrix">
  <rows>3</rows>
  <cols>4</cols>
  <dt>f</dt>
  <data>
    9.40925002e-01 -1.22393712e-01 3.15721244e-01 -3.44223171e-01
    5.03021991e-03 9.37339365e-01 3.48381341e-01 5.84318221e-01
    -3.38577658e-01 -3.26212585e-01 8.82581830e-01 8.13412666e-01</data></Pose_Matrix_18>
<Pose_Matrix_19 type_id="opencv-matrix">
  <rows>3</rows>
  <cols>4</cols>
  <dt>f</dt>
  <data>
    9.39606428e-01 -1.30856469e-01 3.16253722e-01 -3.46546471e-01
    1.28616868e-02 9.36871529e-01 3.49437088e-01 5.84515929e-01
    -3.42015117e-01 -3.24265808e-01 8.81973624e-01 8.12894821e-01</data></Pose_Matrix_19>
<Pose_Matrix_20 type_id="opencv-matrix">
  <rows>3</rows>
  <cols>4</cols>
  <dt>f</dt>
  <data>
    9.37436342e-01 -1.36761591e-01 3.20170909e-01 -3.49698395e-01
    1.65271573e-02 9.36060846e-01 3.51449847e-01 5.84996045e-01
    -3.47764283e-01 -3.24170291e-01 8.79757643e-01 8.12629461e-01</data></Pose_Matrix_20>
<Pose_Matrix_21 type_id="opencv-matrix">
  <rows>3</rows>
  <cols>4</cols>
  <dt>f</dt>
  <data>
    9.34812188e-01 -1.40345678e-01 3.26235086e-01 -3.53608668e-01
    1.63307842e-02 9.34618831e-01 3.55275989e-01 5.85561633e-01
    -3.54766846e-01 -3.26788664e-01 8.75984967e-01 8.12561035e-01</data></Pose_Matrix_21>
<Pose_Matrix_22 type_id="opencv-matrix">
  <rows>3</rows>
  <cols>4</cols>
  <dt>f</dt>
  <data>
    9.33500528e-01 -1.42870024e-01 3.28884393e-01 -3.55805099e-01
    1.69309620e-02 9.33734655e-01 3.57565254e-01 5.85879326e-01
    -3.58176142e-01 -3.28219056e-01 8.74060750e-01 8.12422872e-01</data></Pose_Matrix_22>
<Pose_Matrix_23 type_id="opencv-matrix">
  <rows>3</rows>
  <cols>4</cols>
  <dt>f</dt>
  <data>
    9.31160212e-01 -1.48168668e-01 3.33146840e-01 -3.60543817e-01
    1.87518187e-02 9.31958139e-01 3.62080753e-01 5.86542130e-01
    -3.64127874e-01 -3.30908060e-01 8.70580733e-01 8.12402010e-01</data></Pose_Matrix_23>
<Pose_Matrix_24 type_id="opencv-matrix">
  <rows>3</rows>
  <cols>4</cols>
  <dt>f</dt>
  <data>
    9.29547668e-01 -1.50609031e-01 3.36538404e-01 -3.66084903e-01
    1.87798087e-02 9.30920780e-01 3.64738047e-01 5.87303817e-01
    -3.68223399e-01 -3.32721233e-01 8.68163586e-01 8.12235236e-01</data></Pose_Matrix_24>
<Pose_Matrix_25 type_id="opencv-matrix">
  <rows>3</rows>
  <cols>4</cols>
  <dt>f</dt>
  <data>
    9.29301202e-01 -1.51023924e-01 3.37032884e-01 -3.72329831e-01
    1.81169789e-02 9.30112362e-01 3.66827995e-01 5.88330626e-01
    -3.68878216e-01 -3.34787667e-01 8.67090642e-01 8.11943591e-01</data></Pose_Matrix_25>
<Pose_Matrix_26 type_id="opencv-matrix">
  <rows>3</rows>
  <cols>4</cols>
  <dt>f</dt>
  <data>
    9.30727124e-01 -1.47466660e-01 3.34664971e-01 -3.79060924e-01
    1.40154948e-02 9.28809583e-01 3.70292246e-01 5.89296639e-01
    -3.65445852e-01 -3.39950562e-01 8.66535127e-01 8.11506212e-01</data></Pose_Matrix_26>
<Pose_Matrix_27 type_id="opencv-matrix">
  <rows>3</rows>
  <cols>4</cols>
  <dt>f</dt>
  <data>
    9.33973312e-01 -1.41343907e-01 3.28200758e-01 -3.86196733e-01
    9.40839853e-03 9.27856207e-01 3.72819394e-01 5.90192020e-01
    -3.57218832e-01 -3.45115572e-01 8.67922843e-01 8.10815394e-01</data></Pose_Matrix_27>
<Pose_Matrix_28 type_id="opencv-matrix">
  <rows>3</rows>
  <cols>4</cols>
  <dt>f</dt>
  <data>
    9.38834846e-01 -1.33678466e-01 3.17363024e-01 -3.93439949e-01
    4.74704523e-03 9.26517665e-01 3.76221359e-01 5.90890229e-01
    -3.44335139e-01 -3.51703227e-01 8.70481670e-01 8.09865832e-01</data></Pose_Matrix_28>
<Pose_Matrix_29 type_id="opencv-matrix">
  <rows>3</rows>
  <cols>4</cols>
  <dt>f</dt>
  <data>
    9.44681168e-01 -1.24525838e-01 3.03431720e-01 -4.01200771e-01
    8.95758625e-04 9.26100791e-01 3.77275229e-01 5.91486394e-01
    -3.27988803e-01 -3.56133044e-01 8.74981582e-01 8.08617473e-01</data></Pose_Matrix_29>
<Pose_Matrix_30 type_id="opencv-matrix">
  <rows>3</rows>
  <cols>4</cols>
  <dt>f</dt>
  <data>
    9.50954795e-01 -1.14871286e-01 2.87210137e-01 -4.09325659e-01
    -1.26589113e-03 9.27038014e-01 3.74965340e-01 5.91898561e-01
    -3.09327424e-01 -3.56938660e-01 8.81425798e-01 8.06966484e-01</data></Pose_Matrix_30>
<Pose_Matrix_31 type_id="opencv-matrix">
  <rows>3</rows>
  <cols>4</cols>
  <dt>f</dt>
  <data>
    9.57221568e-01 -1.04580991e-01 2.69795626e-01 -4.17761505e-01
    -3.53012234e-03 9.28110361e-01 3.72288495e-01 5.92228949e-01
    -2.89334416e-01 -3.57314974e-01 8.88038039e-01 8.04963231e-01</data></Pose_Matrix_31>
<Pose_Matrix_32 type_id="opencv-matrix">
  <rows>3</rows>
  <cols>4</cols>
  <dt>f</dt>
  <data>
    9.62898016e-01 -9.31198075e-02 2.53290594e-01 -4.26695228e-01
    -7.84322992e-03 9.28527594e-01 3.71180594e-01 5.92500210e-01
    -2.69751549e-01 -3.59395683e-01 8.93347085e-01 8.02877367e-01</data></Pose_Matrix_32>
<Pose_Matrix_33 type_id="opencv-matrix">
  <rows>3</rows>
  <cols>4</cols>
  <dt>f</dt>
  <data>
    9.67682600e-01 -8.14702660e-02 2.38648236e-01 -4.35880154e-01
    -1.25283152e-02 9.29672480e-01 3.68174106e-01 5.92674255e-01
    -2.51859933e-01 -3.59265506e-01 8.98607194e-01 8.00536156e-01</data></Pose_Matrix_33>
<Pose_Matrix_34 type_id="opencv-matrix">
  <rows>3</rows>
  <cols>4</cols>
  <dt>f</dt>
  <data>
    9.71557081e-01 -7.12143779e-02 2.25843698e-01 -4.45486516e-01
    -1.58444326e-02 9.32023108e-01 3.62052202e-01 5.93052328e-01
    -2.36274838e-01 -3.55332792e-01 9.04385328e-01 7.98011959e-01</data></Pose_Matrix_34>
<Pose_Matrix_35 type_id="opencv-matrix">
  <rows>3</rows>
  <cols>4</cols>
  <dt>f</dt>
  <data>
    9.74552155e-01 -6.16562963e-02 2.15515032e-01 -4.55448717e-01
    -2.00616736e-02 9.33580935e-01 3.57804656e-01 5.93303978e-01
    -2.23261625e-01 -3.53022873e-01 9.08586264e-01 7.95425177e-01</data></Pose_Matrix_35>
<Pose_Matrix_36 type_id="opencv-matrix">
  <rows>3</rows>
  <cols>4</cols>
  <dt>f</dt>
  <data>
    9.76655126e-01 -5.35625219e-02 2.08028764e-01 -4.65732634e-01
    -2.44633332e-02 9.34381962e-01 3.55432093e-01 5.93641222e-01
    -2.13416159e-01 -3.52223635e-01 9.11258578e-01 7.92886555e-01</data></Pose_Matrix_36>
<Pose_Matrix_37 type_id="opencv-matrix">
  <rows>3</rows>
  <cols>4</cols>
  <dt>f</dt>
  <data>
    9.77881432e-01 -4.58503105e-02 2.04072744e-01 -4.76342887e-01
    -2.97786035e-02 9.35218930e-01 3.52815479e-01 5.93991160e-01
    -2.07029313e-01 -3.51088703e-01 9.13167953e-01 7.90200055e-01</data></Pose_Matrix_37>
<Pose_Matrix_38 type_id="opencv-matrix">
  <rows>3</rows>
  <cols>4</cols>
  <dt>f</dt>
  <data>
    9.78509307e-01 -4.00014482e-02 2.02285901e-01 -4.86788481e-01
    -3.40245068e-02 9.36235070e-01 3.49723101e-01 5.94537258e-01
    -2.03376591e-01 -3.49089980e-01 9.14753675e-01 7.87649870e-01</data></Pose_Matrix_38>
<Pose_Matrix_39 type_id="opencv-matrix">
  <rows>3</rows>
  <cols>4</cols>
  <dt>f</dt>
  <data>
    9.78834391e-01 -3.66292596e-02 2.01349452e-01 -4.97243971e-01
    -3.66460383e-02 9.36580360e-01 3.48531604e-01 5.95082879e-01
    -2.01346457e-01 -3.48533332e-01 9.15414751e-01 7.85127223e-01</data></Pose_Matrix_39>
<Pose_Matrix_40 type_id="opencv-matrix">
  <rows>3</rows>
  <cols>4</cols>
  <dt>f</dt>
  <data>
    9.79103327e-01 -3.52718644e-02 2.00281516e-01 -5.12788713e-01
    -3.76797095e-02 9.36327517e-01 3.49100322e-01 5.96153796e-01
    -1.99842483e-01 -3.49351823e-01 9.15432334e-01 7.81452000e-01</data></Pose_Matrix_40>
<Pose_Matrix_41 type_id="opencv-matrix">
  <rows>3</rows>
  <cols>4</cols>
  <dt>f</dt>
  <data>
    9.79115307e-01 -3.47820371e-02 2.00308576e-01 -5.17869890e-01
    -3.78532782e-02 9.36840236e-01 3.47703218e-01 5.96585870e-01
    -1.99750960e-01 -3.48023862e-01 9.15957987e-01 7.80189753e-01</data></Pose_Matrix_41>
<Pose_Matrix_42 type_id="opencv-matrix">
  <rows>3</rows>
  <cols>4</cols>
  <dt>f</dt>
  <data>
    9.79055405e-01 -3.48245800e-02 2.00593859e-01 -5.28004646e-01
    -3.72158177e-02 9.38050210e-01 3.44494820e-01 5.97771645e-01
    -2.00164020e-01 -3.44744802e-01 9.17107165e-01 7.77868152e-01</data></Pose_Matrix_42>
<Pose_Matrix_43 type_id="opencv-matrix">
  <rows>3</rows>
  <cols>4</cols>
  <dt>f</dt>
  <data>
    9.78744805e-01 -3.53003517e-02 2.02021331e-01 -5.43018937e-01
    -3.68986242e-02 9.38688099e-01 3.42787325e-01 5.99478245e-01
    -2.01735467e-01 -3.42955589e-01 9.17433560e-01 7.74373293e-01</data></Pose_Matrix_43>
<Pose_Matrix_44 type_id="opencv-matrix">
  <rows>3</rows>
  <cols>4</cols>
  <dt>f</dt>
  <data>
    9.78644013e-01 -3.56519930e-02 2.02447519e-01 -5.47975779e-01
    -3.63809839e-02 9.39258814e-01 3.41276020e-01 6.00168586e-01
    -2.02317804e-01 -3.41352940e-01 9.17902887e-01 7.73286164e-01</data></Pose_Matrix_44>
<Pose_Matrix_45 type_id="opencv-matrix">
  <rows>3</rows>
  <cols>4</cols>
  <dt>f</dt>
  <data>
    9.78423297e-01 -3.68516892e-02 2.03297392e-01 -5.57744324e-01
    -3.46986353e-02 9.40680921e-01 3.37513626e-01 6.01509988e-01
    -2.03675836e-01 -3.37285310e-01 9.19105470e-01 7.71217644e-01</data></Pose_Matrix_45>
<Pose_Matrix_46 type_id="opencv-matrix">
  <rows>3</rows>
  <cols>4</cols>
  <dt>f</dt>
  <data>
    9.77806389e-01 -3.65586616e-02 2.06296355e-01 -5.72061360e-01
    -3.51241790e-02 9.42117274e-01 3.33438724e-01 6.03820920e-01
    -2.06545413e-01 -3.33284497e-01 9.19924259e-01 7.68416703e-01</data></Pose_Matrix_46>
<Pose_Matrix_47 type_id="opencv-matrix">
  <rows>3</rows>
  <cols>4</cols>
  <dt>f</dt>
  <data>
    9.77600098e-01 -3.68187726e-02 2.07225978e-01 -5.76839685e-01
    -3.49167101e-02 9.42565501e-01 3.32191378e-01 6.04554415e-01
    -2.07554907e-01 -3.31985950e-01 9.20166492e-01 7.67615557e-01</data></Pose_Matrix_47>
<Pose_Matrix_48 type_id="opencv-matrix">
  <rows>3</rows>
  <cols>4</cols>
  <dt>f</dt>
  <data>
    9.77272213e-01 -3.79817225e-02 2.08558291e-01 -5.86023331e-01
    -3.34842019e-02 9.43811178e-01 3.28784585e-01 6.05923176e-01
    -2.09327430e-01 -3.28295469e-01 9.21088696e-01 7.65968025e-01</data></Pose_Matrix_48>
<Pose_Matrix_49 type_id="opencv-matrix">
  <rows>3</rows>
  <cols>4</cols>
  <dt>f</dt>
  <data>
    9.77033913e-01 -3.78977098e-02 2.09687069e-01 -5.94845355e-01
    -3.31004746e-02 9.45118546e-01 3.25046778e-01 6.07104421e-01
    -2.10497618e-01 -3.24522406e-01 9.22158360e-01 7.64664590e-01</data></Pose_Matrix_49>
<Pose_Matrix_50 type_id="opencv-matrix">
  <rows>3</rows>
  <cols>4</cols>
  <dt>f</dt>
  <data>
    9.77020860e-01 -3.78824808e-02 2.09750503e-01 -6.03382289e-01
    -3.26876529e-02 9.45807219e-01 3.23079288e-01 6.07805252e-01
    -2.10622609e-01 -3.22511435e-01 9.22835052e-01 7.63602972e-01</data></Pose_Matrix_50>
<Pose_Matrix_51 type_id="opencv-matrix">
  <rows>3</rows>
  <cols>4</cols>
  <dt>f</dt>
  <data>
    9.77353215e-01 -3.93227302e-02 2.07929179e-01 -6.11467302e-01
    -2.98755225e-02 9.47101951e-01 3.19539428e-01 6.08261824e-01
    -2.09495246e-01 -3.18514854e-01 9.24478233e-01 7.62841880e-01</data></Pose_Matrix_51>
<Pose_Matrix_52 type_id="opencv-matrix">
  <rows>3</rows>
  <cols>4</cols>
  <dt>f</dt>
  <data>
    9.77852225e-01 -4.18911316e-02 2.05061316e-01 -6.19412005e-01
    -2.64272112e-02 9.47210312e-01 3.19522113e-01 6.08409524e-01
    -2.07621306e-01 -3.17864567e-01 9.25124645e-01 7.62468576e-01</data></Pose_Matrix_52>
<Pose_Matrix_53 type_id="opencv-matrix">
  <rows>3</rows>
  <cols>4</cols>
  <dt>f</dt>
  <data>
    9.78265643e-01 -4.43789363e-02 2.02550933e-01 -6.27251327e-01
    -2.37378702e-02 9.46437955e-01 3.22012097e-01 6.08457744e-01
    -2.05992430e-01 -3.19821507e-01 9.24814343e-01 7.62415230e-01</data></Pose_Matrix_53>
<Pose_Matrix_54 type_id="opencv-matrix">
  <rows>3</rows>
  <cols>4</cols>
  <dt>f</dt>
  <data>
    9.78651106e-01 -4.71078269e-02 2.00057358e-01 -6.34756863e-01
    -2.05268636e-02 9.46109295e-01 3.23196322e-01 6.08740926e-01
    -2.04501182e-01 -3.20402980e-01 9.24943984e-01 7.62660205e-01</data></Pose_Matrix_54>
<Pose_Matrix_55 type_id="opencv-matrix">
  <rows>3</rows>
  <cols>4</cols>
  <dt>f</dt>
  <data>
    9.79077816e-01 -5.19410260e-02 1.96745768e-01 -6.42337322e-01
    -1.58863179e-02 9.44411576e-01 3.28381389e-01 6.08801961e-01
    -2.02865422e-01 -3.24636489e-01 9.23827291e-01 7.63327599e-01</data></Pose_Matrix_55>
<Pose_Matrix_56 type_id="opencv-matrix">
  <rows>3</rows>
  <cols>4</cols>
  <dt>f</dt>
  <data>
    9.79472637e-01 -5.81773147e-02 1.92999497e-01 -6.49989963e-01
    -1.02927415e-02 9.41763461e-01 3.36118609e-01 6.08860016e-01
    -2.01314360e-01 -3.31205517e-01 9.21832800e-01 7.64125824e-01</data></Pose_Matrix_56>
<Pose_Matrix_57 type_id="opencv-matrix">
  <rows>3</rows>
  <cols>4</cols>
  <dt>f</dt>
  <data>
    9.79817152e-01 -6.46264702e-02 1.89160615e-01 -6.57852650e-01
    -3.67555534e-03 9.40311611e-01 3.40294868e-01 6.08890772e-01
    -1.99862003e-01 -3.34122062e-01 9.21095967e-01 7.64940917e-01</data></Pose_Matrix_57>
<Pose_Matrix_58 type_id="opencv-matrix">
  <rows>3</rows>
  <cols>4</cols>
  <dt>f</dt>
  <data>
    9.80035961e-01 -7.05934614e-02 1.85865939e-01 -6.66093707e-01
    2.68206256e-03 9.39452052e-01 3.42669874e-01 6.09182119e-01
    -1.98802292e-01 -3.35330278e-01 9.20886159e-01 7.65639424e-01</data></Pose_Matrix_58>
<Pose_Matrix_59 type_id="opencv-matrix">
  <rows>3</rows>
  <cols>4</cols>
  <dt>f</dt>
  <data>
    9.80095804e-01 -7.46156424e-02 1.83969647e-01 -6.74682736e-01
    6.49837358e-03 9.38242078e-01 3.45918506e-01 6.09563470e-01
    -1.98418945e-01 -3.37837785e-01 9.20052052e-01 7.66353488e-01</data></Pose_Matrix_59>
<Pose_Matrix_60 type_id="opencv-matrix">
  <rows>3</rows>
  <cols>4</cols>
  <dt>f</dt>
  <data>
    9.79984403e-01 -7.67925307e-02 1.83666661e-01 -6.83706820e-01
    8.21759552e-03 9.37422395e-01 3.48097563e-01 6.10040188e-01
    -1.98904514e-01 -3.39620888e-01 9.19290364e-01 7.67021716e-01</data></Pose_Matrix_60>
<Pose_Matrix_61 type_id="opencv-matrix">
  <rows>3</rows>
  <cols>4</cols>
  <dt>f</dt>
  <data>
    9.79862332e-01 -7.60421306e-02 1.84628010e-01 -6.93076313e-01
    6.93064881e-03 9.37040091e-01 3.49153072e-01 6.10638916e-01
    -1.99554205e-01 -3.40842307e-01 9.18697298e-01 7.67599285e-01</data></Pose_Matrix_61>
<Pose_Matrix_62 type_id="opencv-matrix">
  <rows>3</rows>
  <cols>4</cols>
  <dt>f</dt>
  <data>
    9.79881525e-01 -7.18270838e-02 1.86207175e-01 -7.02577174e-01
    2.37688120e-03 9.37128067e-01 3.48977476e-01 6.11488223e-01
    -1.99566007e-01 -3.41514021e-01 9.18445230e-01 7.68010020e-01</data></Pose_Matrix_62>
<Pose_Matrix_63 type_id="opencv-matrix">
  <rows>3</rows>
  <cols>4</cols>
  <dt>f</dt>
  <data>
    9.80140209e-01 -6.54054731e-02 1.87209472e-01 -7.12350011e-01
    -3.76266451e-03 9.37739789e-01 3.47318232e-01 6.12276077e-01
    -1.98270261e-01 -3.41124982e-01 9.18870330e-01 7.68235922e-01</data></Pose_Matrix_63>
<Pose_Matrix_64 type_id="opencv-matrix">
  <rows>3</rows>
  <cols>4</cols>
  <dt>f</dt>
  <data>
    9.80731964e-01 -5.87001890e-02 1.86330765e-01 -7.21951246e-01
    -8.94395728e-03 9.39298391e-01 3.42984855e-01 6.12969577e-01
    -1.95153445e-01 -3.38042706e-01 9.20674920e-01 7.68553197e-01</data></Pose_Matrix_64>
<Pose_Matrix_65 type_id="opencv-matrix">
  <rows>3</rows>
  <cols>4</cols>
  <dt>f</dt>
  <data>
    9.81643081e-01 -5.26248589e-02 1.83323696e-01 -7.31249988e-01
    -1.32331997e-02 9.40072894e-01 3.40716869e-01 6.13565445e-01
    -1.90267771e-01 -3.36888313e-01 9.22119617e-01 7.68767476e-01</data></Pose_Matrix_65>
<Pose_Matrix_66 type_id="opencv-matrix">
  <rows>3</rows>
  <cols>4</cols>
  <dt>f</dt>
  <data>
    9.82735872e-01 -4.71943058e-02 1.78893790e-01 -7.40281105e-01
    -1.66559331e-02 9.40425038e-01 3.39592993e-01 6.13912821e-01
    -1.84262961e-01 -3.36709887e-01 9.23403323e-01 7.69090474e-01</data></Pose_Matrix_66>
<Pose_Matrix_67 type_id="opencv-matrix">
  <rows>3</rows>
  <cols>4</cols>
  <dt>f</dt>
  <data>
    9.83926654e-01 -4.39433008e-02 1.73082188e-01 -7.48954773e-01
    -1.72160901e-02 9.41391647e-01 3.36875975e-01 6.14128411e-01
    -1.77741528e-01 -3.34441066e-01 9.25503790e-01 7.69465983e-01</data></Pose_Matrix_67>
<Pose_Matrix_68 type_id="opencv-matrix">
  <rows>3</rows>
  <cols>4</cols>
  <dt>f</dt>
  <data>
    9.84478056e-01 -4.24286202e-02 1.70301810e-01 -7.53239393e-01
    -1.75164230e-02 9.41741228e-01 3.35882038e-01 6.14143014e-01
    -1.74631268e-01 -3.33651602e-01 9.26380396e-01 7.69642532e-01</data></Pose_Matrix_68>
<Pose_Matrix_69 type_id="opencv-matrix">
  <rows>3</rows>
  <cols>4</cols>
  <dt>f</dt>
  <data>
    9.85457063e-01 -3.88629213e-02 1.65420964e-01 -7.61557639e-01
    -1.91128049e-02 9.41967368e-01 3.35159838e-01 6.14171624e-01
    -1.68846428e-01 -3.33447307e-01 9.27525699e-01 7.70092726e-01</data></Pose_Matrix_69>
<Pose_Matrix_70 type_id="opencv-matrix">
  <rows>3</rows>
  <cols>4</cols>
  <dt>f</dt>
  <data>
    9.86224234e-01 -3.55657786e-02 1.61545381e-01 -7.69550920e-01
    -2.08883621e-02 9.42016363e-01 3.34916145e-01 6.14233136e-01
    -1.64089948e-01 -3.33676785e-01 9.28296447e-01 7.70653903e-01</data></Pose_Matrix_70>
<Pose_Matrix_71 type_id="opencv-matrix">
  <rows>3</rows>
  <cols>4</cols>
  <dt>f</dt>
  <data>
    9.86831069e-01 -3.24369706e-02 1.58468977e-01 -7.77473390e-01
    -2.26408914e-02 9.42343891e-01 3.33879322e-01 6.14043355e-01
    -1.60162300e-01 -3.33070338e-01 9.29199815e-01 7.71264553e-01</data></Pose_Matrix_71>
<Pose_Matrix_72 type_id="opencv-matrix">
  <rows>3</rows>
  <cols>4</cols>
  <dt>f</dt>
  <data>
    9.87491071e-01 -3.27040032e-02 1.54246151e-01 -7.84833372e-01
    -2.12008413e-02 9.41830099e-01 3.35420072e-01 6.13709211e-01
    -1.56243265e-01 -3.34494442e-01 9.29355443e-01 7.71909654e-01</data></Pose_Matrix_72>
<Pose_Matrix_73 type_id="opencv-matrix">
  <rows>3</rows>
  <cols>4</cols>
  <dt>f</dt>
  <data>
    9.87992764e-01 -3.25523168e-02 1.51032120e-01 -7.92046905e-01
    -2.08745021e-02 9.40463543e-01 3.39253217e-01 6.13336802e-01
    -1.53083682e-01 -3.38332415e-01 9.28491652e-01 7.72686243e-01</data></Pose_Matrix_73>
<Pose_Matrix_74 type_id="opencv-matrix">
  <rows>3</rows>
  <cols>4</cols>
  <dt>f</dt>
  <data>
    9.88427281e-01 -3.31202187e-02 1.48035899e-01 -7.98846006e-01
    -1.96515787e-02 9.39694107e-01 3.41451168e-01 6.12999558e-01
    -1.50417328e-01 -3.40408802e-01 9.28168416e-01 7.73373306e-01</data></Pose_Matrix_74>
<Pose_Matrix_75 type_id="opencv-matrix">
  <rows>3</rows>
  <cols>4</cols>
  <dt>f</dt>
  <data>
    9.88858700e-01 -3.63587551e-02 1.44348592e-01 -8.05390716e-01
    -1.54674565e-02 9.39365506e-01 3.42568576e-01 6.12553120e-01
    -1.48051471e-01 -3.40984613e-01 9.28337395e-01 7.74060011e-01</data></Pose_Matrix_75>
<Pose_Matrix_76 type_id="opencv-matrix">
  <rows>3</rows>
  <cols>4</cols>
  <dt>f</dt>
  <data>
    9.89169359e-01 -3.98995094e-02 1.41251743e-01 -8.11694086e-01
    -1.14930440e-02 9.38334882e-01 3.45536768e-01 6.12059176e-01
    -1.46328211e-01 -3.43417823e-01 9.27713513e-01 7.74681985e-01</data></Pose_Matrix_76>
<Pose_Matrix_77 type_id="opencv-matrix">
  <rows>3</rows>
  <cols>4</cols>
  <dt>f</dt>
  <data>
    9.89294410e-01 -4.24769074e-02 1.39614925e-01 -8.18113387e-01
    -9.11491364e-03 9.36848402e-01 3.49617004e-01 6.11452878e-01
    -1.45648599e-01 -3.47146720e-01 9.26431715e-01 7.75208235e-01</data></Pose_Matrix_77>
<Pose_Matrix_78 type_id="opencv-matrix">
  <rows>3</rows>
  <cols>4</cols>
  <dt>f</dt>
  <data>
    9.89336729e-01 -4.60770652e-02 1.38165727e-01 -8.24459434e-01
    -5.37262857e-03 9.36447144e-01 3.50767672e-01 6.10829830e-01
    -1.45547241e-01 -3.47769678e-01 9.26214039e-01 7.75630653e-01</data></Pose_Matrix_78>
<Pose_Matrix_79 type_id="opencv-matrix">
  <rows>3</rows>
  <cols>4</cols>
  <dt>f</dt>
  <data>
    9.89357710e-01 -5.16758859e-02 1.36018574e-01 -8.30686450e-01
    7.52270862e-04 9.36613262e-01 3.50364327e-01 6.10058308e-01
    -1.45502239e-01 -3.46533298e-01 9.26684320e-01 7.75868714e-01</data></Pose_Matrix_79>
<Pose_Matrix_80 type_id="opencv-matrix">
  <rows>3</rows>
  <cols>4</cols>
  <dt>f</dt>
  <data>
    9.89327252e-01 -5.62344231e-02 1.34422272e-01 -8.37065816e-01
    5.40030375e-03 9.36044276e-01 3.51840794e-01 6.09190822e-01
    -1.45610720e-01 -3.47359776e-01 9.26357865e-01 7.76122093e-01</data></Pose_Matrix_80>
<Pose_Matrix_81 type_id="opencv-matrix">
  <rows>3</rows>
  <cols>4</cols>
  <dt>f</dt>
  <data>
    9.89260137e-01 -5.99258244e-02 1.33316815e-01 -8.43865335e-01
    9.37005505e-03 9.36216295e-01 3.51299405e-01 6.08421624e-01
    -1.45865321e-01 -3.46277297e-01 9.26723003e-01 7.76157558e-01</data></Pose_Matrix_81>
<Pose_Matrix_82 type_id="opencv-matrix">
  <rows>3</rows>
  <cols>4</cols>
  <dt>f</dt>
  <data>
    9.89223838e-01 -6.28321469e-02 1.32243574e-01 -8.50797653e-01
    1.30202984e-02 9.37408030e-01 3.47989440e-01 6.07938528e-01
    -1.45831048e-01 -3.42517644e-01 9.28124487e-01 7.75947809e-01</data></Pose_Matrix_82>
<Pose_Matrix_83 type_id="opencv-matrix">
  <rows>3</rows>
  <cols>4</cols>
  <dt>f</dt>
  <data>
    9.89275873e-01 -6.24578930e-02 1.32031649e-01 -8.58007669e-01
    1.31885335e-02 9.38464165e-01 3.45124781e-01 6.07513249e-01
    -1.45462692e-01 -3.39682311e-01 9.29223657e-01 7.75658965e-01</data></Pose_Matrix_83>
<Pose_Matrix_84 type_id="opencv-matrix">
  <rows>3</rows>
  <cols>4</cols>
  <dt>f</dt>
  <data>
    9.89461958e-01 -5.97064123e-02 1.31909430e-01 -8.65420341e-01
    1.11135412e-02 9.39651430e-01 3.41952771e-01 6.07225120e-01
    -1.44365638e-01 -3.36883307e-01 9.30412948e-01 7.75486588e-01</data></Pose_Matrix_84>
<Pose_Matrix_85 type_id="opencv-matrix">
  <rows>3</rows>
  <cols>4</cols>
  <dt>f</dt>
  <data>
    9.89844799e-01 -5.51060960e-02 1.31036475e-01 -8.72630894e-01
    7.59579754e-03 9.40991104e-01 3.38346183e-01 6.07098579e-01
    -1.41949087e-01 -3.33914876e-01 9.31853771e-01 7.75266290e-01</data></Pose_Matrix_85>
<Pose_Matrix_86 type_id="opencv-matrix">
  <rows>3</rows>
  <cols>4</cols>
  <dt>f</dt>
  <data>
    9.90807772e-01 -4.45920713e-02 1.27716333e-01 -8.83503258e-01
    -3.16564488e-04 9.43341672e-01 3.31822932e-01 6.07228339e-01
    -1.35276794e-01 -3.28813165e-01 9.34656084e-01 7.75200427e-01</data></Pose_Matrix_86>
<Pose_Matrix_87 type_id="opencv-matrix">
  <rows>3</rows>
  <cols>4</cols>
  <dt>f</dt>
  <data>
    9.91211772e-01 -4.05093618e-02 1.25929460e-01 -8.87006164e-01
    -3.48440628e-03 9.43632483e-01 3.30976844e-01 6.07286930e-01
    -1.32238805e-01 -3.28506947e-01 9.35198486e-01 7.75192261e-01</data></Pose_Matrix_87>
<Pose_Matrix_88 type_id="opencv-matrix">
  <rows>3</rows>
  <cols>4</cols>
  <dt>f</dt>
  <data>
    9.92061555e-01 -3.24815661e-02 1.21486276e-01 -8.93797815e-01
    -9.69154481e-03 9.43444550e-01 3.31388593e-01 6.07600272e-01
    -1.25379562e-01 -3.29935253e-01 9.35640275e-01 7.75438070e-01</data></Pose_Matrix_88>
<Pose_Matrix_89 type_id="opencv-matrix">
  <rows>3</rows>
  <cols>4</cols>
  <dt>f</dt>
  <data>
    9.93248820e-01 -2.04389710e-02 1.14188567e-01 -9.03370082e-01
    -1.86175946e-02 9.43509042e-01 3.30823481e-01 6.07860267e-01
    -1.14499629e-01 -3.30715954e-01 9.36758697e-01 7.76186407e-01</data></Pose_Matrix_89>
<Pose_Matrix_90 type_id="opencv-matrix">
  <rows>3</rows>
  <cols>4</cols>
  <dt>f</dt>
  <data>
    9.93644595e-01 -1.75950862e-02 1.11179367e-01 -9.06331658e-01
    -2.02481132e-02 9.43656862e-01 3.30305547e-01 6.07943058e-01
    -1.10726953e-01 -3.30457479e-01 9.37303305e-01 7.76372790e-01</data></Pose_Matrix_90>
<Pose_Matrix_91 type_id="opencv-matrix">
  <rows>3</rows>
  <cols>4</cols>
  <dt>f</dt>
  <data>
    9.94374156e-01 -1.30641796e-02 1.05116576e-01 -9.11894262e-01
    -2.24291757e-02 9.43894804e-01 3.29483747e-01 6.08221292e-01
    -1.03523403e-01 -3.29987764e-01 9.38291550e-01 7.76978016e-01</data></Pose_Matrix_91>
<Pose_Matrix_92 type_id="opencv-matrix">
  <rows>3</rows>
  <cols>4</cols>
  <dt>f</dt>
  <data>
    9.95275617e-01 -6.66341558e-03 9.68606323e-02 -9.19336438e-01
    -2.61075310e-02 9.42528665e-01 3.33103836e-01 6.08354688e-01
    -9.35135484e-02 -3.34058940e-01 9.37901855e-01 7.78210878e-01</data></Pose_Matrix_92>
<Pose_Matrix_93 type_id="opencv-matrix">
  <rows>3</rows>
  <cols>4</cols>
  <dt>f</dt>
  <data>
    9.95560944e-01 -4.90820408e-03 9.39913765e-02 -9.21666265e-01
    -2.69889291e-02 9.41814005e-01 3.35049152e-01 6.08205259e-01
    -9.01668668e-02 -3.36098611e-01 9.37500894e-01 7.78652787e-01</data></Pose_Matrix_93>
<Pose_Matrix_94 type_id="opencv-matrix">
  <rows>3</rows>
  <cols>4</cols>
  <dt>f</dt>
  <data>
    9.96162295e-01 -3.64079140e-03 8.74491856e-02 -9.25792754e-01
    -2.63524055e-02 9.40295935e-01 3.39336425e-01 6.07794464e-01
    -8.34635198e-02 -3.40338647e-01 9.36591446e-01 7.79506207e-01</data></Pose_Matrix_94>
<Pose_Matrix_95 type_id="opencv-matrix">
  <rows>3</rows>
  <cols>4</cols>
  <dt>f</dt>
  <data>
    9.96726513e-01 -4.10057977e-03 8.07430744e-02 -9.29419339e-01
    -2.36510225e-02 9.40233409e-01 3.39708447e-01 6.07446969e-01
    -7.73103237e-02 -3.40506047e-01 9.37058628e-01 7.80248582e-01</data></Pose_Matrix_95>
<Pose_Matrix_96 type_id="opencv-matrix">
  <rows>3</rows>
  <cols>4</cols>
  <dt>f</dt>
  <data>
    9.97211277e-01 -4.30827774e-03 7.45063871e-02 -9.32851076e-01
    -2.12202668e-02 9.40757394e-01 3.38415742e-01 6.07062399e-01
    -7.15504587e-02 -3.39053035e-01 9.38042462e-01 7.80835152e-01</data></Pose_Matrix_96>
<Pose_Matrix_97 type_id="opencv-matrix">
  <rows>3</rows>
  <cols>4</cols>
  <dt>f</dt>
  <data>
    9.97680247e-01 -7.31936656e-03 6.76801801e-02 -9.35982883e-01
    -1.61714442e-02 9.40260828e-01 3.40070695e-01 6.06450915e-01
    -6.61261678e-02 -3.40376288e-01 9.37961340e-01 7.81450331e-01</data></Pose_Matrix_97>
<Pose_Matrix_98 type_id="opencv-matrix">
  <rows>3</rows>
  <cols>4</cols>
  <dt>f</dt>
  <data>
    9.98048425e-01 -1.11282170e-02 6.14449494e-02 -9.39098775e-01
    -1.05870413e-02 9.39591825e-01 3.42133224e-01 6.05938554e-01
    -6.15404844e-02 -3.42116058e-01 9.37640369e-01 7.82047391e-01</data></Pose_Matrix_98>
<Pose_Matrix_99 type_id="opencv-matrix">
  <rows>3</rows>
  <cols>4</cols>
  <dt>f</dt>
  <data>
    9.98304248e-01 -1.52673284e-02 5.61734475e-02 -9.42192018e-01
    -4.86081513e-03 9.39759433e-01 3.41801882e-01 6.05287135e-01
    -5.80079257e-02 -3.41495395e-01 9.38091755e-01 7.82668054e-01</data></Pose_Matrix_99>
</opencv_storage>
